{
  "metadata": {
    "kernelspec": {
      "name": "xpython",
      "display_name": "Python 3.13 (XPython)",
      "language": "python"
    },
    "language_info": {
      "codemirror_mode": {
        "name": "ipython",
        "version": 3
      },
      "file_extension": ".py",
      "mimetype": "text/x-python",
      "name": "python",
      "nbconvert_exporter": "python",
      "pygments_lexer": "ipython3",
      "version": "3.13.1"
    }
  },
  "nbformat_minor": 5,
  "nbformat": 4,
  "cells": [
    {
      "id": "9bc49308-330c-45fc-a414-100eae2d4a5d",
      "cell_type": "code",
      "source": "import numpy as np\nX = np.array([\n    [1.0,0.0,1.0],\n    [0.0,2.2,2.0],\n    [1.0,1.0,0.0]\n]);\n\nprint(\"Input Embeddings (X):\")\nprint(X)\n\nnp.random.seed(42)\nd_model = X.shape[1]\nd_k = 3\nWQ = np.random.randn(d_model, d_k)\nWK = np.random.randn(d_model, d_k)\nWV = np.random.randn(d_model, d_k)\n\nQ = X @ WQ\nK = X @ WK\nV = X @ WV\n\nprint(\"\\nQuery (Q):\")\nprint(Q)\nprint(\"\\nKey (K):\")\nprint(K)\nprint(\"\\nValue (V):\")\nprint(V)\n\nscores = Q @ K.T\nprint(\"\\nAttention Scores:\")\nprint(scores)\n\nscaled_scores = scores / np.sqrt(d_k)\nprint(\"\\nScaled Scores:\")\nprint(scaled_scores)\n\ndef softmax(x):\n    exp_x = np.exp(x - np.max(x, axis=-1, keepdims=True))\n    return exp_x / np.sum(exp_x, axis=-1, keepdims=True)\n\n\nattention_weight = softmax(scaled_scores)\nprint(\"\\nAttention Weight:\")\nprint(attention_weight)\n\n\nattention_output = attention_weight @ V\nprint(\"\\nFinal Attention Output:\")\nprint(attention_output)",
      "metadata": {
        "trusted": true
      },
      "outputs": [
        {
          "name": "stdout",
          "output_type": "stream",
          "text": "Input Embeddings (X):\n[[1.  0.  1. ]\n [0.  2.2 2. ]\n [1.  1.  0. ]]\n\nQuery (Q):\n[[ 2.07592697  0.62917043  0.17821415]\n [ 6.50909132  1.01973203 -1.45405008]\n [ 2.01974401 -0.37241768  0.41355158]]\n\nKey (K):\n[[-0.01972749 -1.47624881 -0.15148242]\n [-0.59225806 -6.23487878 -3.16632457]\n [ 0.78452232 -2.37669794 -2.19064759]]\n\nValue (V):\n[[-1.4524068  -1.30138111  0.31465519]\n [-1.58547331  0.37040723 -5.43643316]\n [-1.13380038 -1.3447755   0.04090058]]\n\nAttention Scores:\n[[-0.99676123 -5.71656968 -0.25714143]\n [-1.41352318 -5.60897294  5.86824366]\n [ 0.44729089 -0.18366914  1.5637128 ]]\n\nScaled Scores:\n[[-0.57548036 -3.30046304 -0.14846067]\n [-0.81609799 -3.23834204  3.38803206]\n [ 0.25824351 -0.10604143  0.90281   ]]\n\nAttention Weight:\n[[0.38487737 0.02522769 0.58989494]\n [0.01469485 0.00130376 0.98400139]\n [0.27778903 0.19297816 0.52923281]]\n\nFinal Attention Output:\n[[-1.26781944 -1.28480389  0.00808207]\n [-1.13907112 -1.34190163  0.03778223]\n [-1.30946876 -1.00172821 -0.94005916]]\n"
        }
      ],
      "execution_count": 9
    },
    {
      "id": "3b06a8b3-0227-460f-a35a-87c00901fc3c",
      "cell_type": "code",
      "source": "",
      "metadata": {
        "trusted": true
      },
      "outputs": [],
      "execution_count": null
    }
  ]
}